6 0.182730 0.792764 0.146178 0.249280
6 0.302612 0.645972 0.138667 0.336940
6 0.428737 0.547362 0.151309 0.402936
6 0.607140 0.379054 0.154487 0.660624
6 0.796356 0.532830 0.241291 0.399909
6 0.922826 0.719859 0.154347 0.275339
6 0.676847 0.849462 0.410969 0.301075
6 0.182730 0.792764 0.146178 0.249280
6 0.302612 0.645972 0.138667 0.336940
6 0.428737 0.547362 0.151309 0.402936
6 0.607140 0.379054 0.154487 0.660624
6 0.796356 0.532830 0.241291 0.399909
6 0.922826 0.719859 0.154347 0.275339
6 0.676847 0.849462 0.410969 0.301075
