2 0.268890 0.394530 0.265321 0.449477
2 0.376565 0.473651 0.249819 0.385557
2 0.486665 0.533240 0.223905 0.343917
2 0.586285 0.579422 0.204746 0.333863
2 0.673377 0.627705 0.188040 0.298534
2 0.752725 0.664368 0.181906 0.297365
2 0.837584 0.706511 0.192574 0.280307
2 0.268890 0.394530 0.265321 0.449477
2 0.376565 0.473651 0.249819 0.385557
2 0.486665 0.533240 0.223905 0.343917
2 0.586285 0.579422 0.204746 0.333863
2 0.673377 0.627705 0.188040 0.298534
2 0.752725 0.664368 0.181906 0.297365
2 0.837584 0.706511 0.192574 0.280307
