1 0.947828 0.276851 0.104343 0.244382
1 0.859393 0.355807 0.281214 0.442832
1 0.722479 0.213817 0.145468 0.180624
1 0.803540 0.557406 0.281752 0.459589
1 0.847044 0.849424 0.168506 0.218322
1 0.675501 0.389414 0.176623 0.221140
1 0.459525 0.199933 0.243135 0.314369
1 0.500921 0.343140 0.320816 0.431157
1 0.296842 0.315399 0.230430 0.297545
1 0.350511 0.368349 0.111966 0.115777
1 0.666619 0.747022 0.242154 0.388149
1 0.529852 0.772566 0.245746 0.290031
1 0.463647 0.674458 0.335178 0.441269
1 0.226838 0.643288 0.280751 0.394397
1 0.947828 0.276851 0.104343 0.244382
1 0.859393 0.355807 0.281214 0.442832
1 0.722479 0.213817 0.145468 0.180624
1 0.803540 0.557406 0.281752 0.459589
1 0.847044 0.849424 0.168506 0.218322
1 0.675501 0.389414 0.176623 0.221140
1 0.459525 0.199933 0.243135 0.314369
1 0.500921 0.343140 0.320816 0.431157
1 0.296842 0.315399 0.230430 0.297545
1 0.350511 0.368349 0.111966 0.115777
1 0.666619 0.747022 0.242154 0.388149
1 0.529852 0.772566 0.245746 0.290031
1 0.463647 0.674458 0.335178 0.441269
1 0.226838 0.643288 0.280751 0.394397
