2 0.829177 0.487933 0.282664 0.556474
2 0.664444 0.489534 0.272041 0.473860
2 0.511354 0.469844 0.244079 0.422517
2 0.378409 0.444288 0.220163 0.412138
2 0.256485 0.429860 0.203464 0.367750
2 0.150680 0.409384 0.195486 0.367155
2 0.070794 0.390421 0.141588 0.342792
2 0.829177 0.487933 0.282664 0.556474
2 0.664444 0.489534 0.272041 0.473860
2 0.511354 0.469844 0.244079 0.422517
2 0.378409 0.444288 0.220163 0.412138
2 0.256485 0.429860 0.203464 0.367750
2 0.150680 0.409384 0.195486 0.367155
2 0.070794 0.390421 0.141588 0.342792
