2 0.238792 0.883188 0.477585 0.233623
2 0.271526 0.736400 0.543051 0.365158
2 0.305046 0.522144 0.597705 0.365158
2 0.365280 0.303579 0.597443 0.375245
2 0.428663 0.134222 0.597685 0.268444
2 0.711769 0.960156 0.576461 0.079688
2 0.737092 0.853705 0.525816 0.292590
2 0.768618 0.678321 0.462764 0.386141
2 0.803524 0.458838 0.392952 0.369389
2 0.834431 0.234930 0.331138 0.378993
2 0.238792 0.883188 0.477585 0.233623
2 0.271526 0.736400 0.543051 0.365158
2 0.305046 0.522144 0.597705 0.365158
2 0.365280 0.303579 0.597443 0.375245
2 0.428663 0.134222 0.597685 0.268444
2 0.711769 0.960156 0.576461 0.079688
2 0.737092 0.853705 0.525816 0.292590
2 0.768618 0.678321 0.462764 0.386141
2 0.803524 0.458838 0.392952 0.369389
2 0.834431 0.234930 0.331138 0.378993
