8 0.635938 0.878516 0.162500 0.121094
8 0.717969 0.142969 0.357812 0.176562
8 0.651172 0.780859 0.188281 0.100781
8 0.716016 0.300000 0.339844 0.125000
8 0.652344 0.691016 0.195312 0.096094
8 0.723437 0.437500 0.346875 0.125000
8 0.734375 0.580469 0.356250 0.139063
8 0.289844 0.847266 0.570312 0.246094
8 0.246484 0.113672 0.491406 0.194531
8 0.271875 0.285156 0.518750 0.160938
8 0.278906 0.473438 0.539062 0.190625
8 0.282422 0.644922 0.553906 0.188281
8 0.635938 0.878516 0.162500 0.121094
8 0.717969 0.142969 0.357812 0.176562
8 0.651172 0.780859 0.188281 0.100781
8 0.716016 0.300000 0.339844 0.125000
8 0.652344 0.691016 0.195312 0.096094
8 0.723437 0.437500 0.346875 0.125000
8 0.734375 0.580469 0.356250 0.139063
8 0.289844 0.847266 0.570312 0.246094
8 0.246484 0.113672 0.491406 0.194531
8 0.271875 0.285156 0.518750 0.160938
8 0.278906 0.473438 0.539062 0.190625
8 0.282422 0.644922 0.553906 0.188281
