1 0.092104 0.226767 0.184208 0.397241
1 0.409381 0.262292 0.353337 0.483625
1 0.310454 0.472946 0.294540 0.417198
1 0.255190 0.759818 0.343863 0.473528
1 0.615962 0.589579 0.367374 0.507371
1 0.723447 0.278103 0.379766 0.539230
1 0.516641 0.106980 0.345222 0.213961
1 0.775067 0.100024 0.312121 0.200049
1 0.896136 0.427469 0.207728 0.501536
1 0.475331 0.787875 0.317404 0.424250
1 0.850700 0.690589 0.298601 0.459928
1 0.092104 0.226767 0.184208 0.397241
1 0.409381 0.262292 0.353337 0.483625
1 0.310454 0.472946 0.294540 0.417198
1 0.255190 0.759818 0.343863 0.473528
1 0.615962 0.589579 0.367374 0.507371
1 0.723447 0.278103 0.379766 0.539230
1 0.516641 0.106980 0.345222 0.213961
1 0.775067 0.100024 0.312121 0.200049
1 0.896136 0.427469 0.207728 0.501536
1 0.475331 0.787875 0.317404 0.424250
1 0.850700 0.690589 0.298601 0.459928
