8 0.893478 0.532055 0.213043 0.564732
8 0.189816 0.785472 0.216020 0.429057
8 0.780019 0.561711 0.227152 0.533182
8 0.176695 0.566625 0.335842 0.740133
8 0.322313 0.787977 0.210698 0.424047
8 0.407516 0.544671 0.309783 0.740711
8 0.598613 0.564014 0.299781 0.620018
8 0.940105 0.797206 0.119790 0.344806
8 0.597654 0.804758 0.183693 0.390484
8 0.848818 0.812848 0.177549 0.350986
8 0.460685 0.804966 0.198026 0.390069
8 0.721946 0.811358 0.174786 0.363613
8 0.893478 0.532055 0.213043 0.564732
8 0.189816 0.785472 0.216020 0.429057
8 0.780019 0.561711 0.227152 0.533182
8 0.176695 0.566625 0.335842 0.740133
8 0.322313 0.787977 0.210698 0.424047
8 0.407516 0.544671 0.309783 0.740711
8 0.598613 0.564014 0.299781 0.620018
8 0.940105 0.797206 0.119790 0.344806
8 0.597654 0.804758 0.183693 0.390484
8 0.848818 0.812848 0.177549 0.350986
8 0.460685 0.804966 0.198026 0.390069
8 0.721946 0.811358 0.174786 0.363613
