2 0.812989 0.574196 0.118249 0.405991
2 0.694134 0.609838 0.126952 0.339040
2 0.579247 0.627637 0.114465 0.301981
2 0.477708 0.636975 0.096640 0.298382
2 0.386471 0.652058 0.092107 0.264751
2 0.305632 0.659390 0.085549 0.265953
2 0.218263 0.669798 0.104867 0.241948
2 0.812989 0.574196 0.118249 0.405991
2 0.694134 0.609838 0.126952 0.339040
2 0.579247 0.627637 0.114465 0.301981
2 0.477708 0.636975 0.096640 0.298382
2 0.386471 0.652058 0.092107 0.264751
2 0.305632 0.659390 0.085549 0.265953
2 0.218263 0.669798 0.104867 0.241948
