1 0.671721 0.188846 0.192614 0.259574
1 0.614646 0.315995 0.349113 0.470371
1 0.408870 0.264803 0.164035 0.194439
1 0.659013 0.531260 0.330580 0.484381
1 0.848828 0.770833 0.191080 0.234163
1 0.457381 0.446627 0.199381 0.237882
1 0.165747 0.388115 0.275631 0.337237
1 0.276834 0.495245 0.365610 0.461038
1 0.104988 0.575724 0.209976 0.319225
1 0.154883 0.595527 0.123532 0.126828
1 0.634055 0.772103 0.283316 0.409579
1 0.524519 0.854410 0.275342 0.291179
1 0.414456 0.787732 0.380900 0.424536
1 0.185867 0.847986 0.321954 0.304028
1 0.671721 0.188846 0.192614 0.259574
1 0.614646 0.315995 0.349113 0.470371
1 0.408870 0.264803 0.164035 0.194439
1 0.659013 0.531260 0.330580 0.484381
1 0.848828 0.770833 0.191080 0.234163
1 0.457381 0.446627 0.199381 0.237882
1 0.165747 0.388115 0.275631 0.337237
1 0.276834 0.495245 0.365610 0.461038
1 0.104988 0.575724 0.209976 0.319225
1 0.154883 0.595527 0.123532 0.126828
1 0.634055 0.772103 0.283316 0.409579
1 0.524519 0.854410 0.275342 0.291179
1 0.414456 0.787732 0.380900 0.424536
1 0.185867 0.847986 0.321954 0.304028
