8 0.845700 0.587184 0.308600 0.557684
8 0.125758 0.491658 0.251516 0.535090
8 0.737814 0.548824 0.319764 0.526823
8 0.227168 0.308964 0.454336 0.617927
8 0.218789 0.539585 0.295884 0.485721
8 0.430170 0.356306 0.439048 0.712612
8 0.582670 0.459685 0.403735 0.620406
8 0.772818 0.833766 0.219155 0.332467
8 0.457153 0.670005 0.253015 0.403203
8 0.670105 0.796551 0.235572 0.352919
8 0.330242 0.619218 0.274922 0.443532
8 0.563157 0.731576 0.235857 0.363617
8 0.845700 0.587184 0.308600 0.557684
8 0.125758 0.491658 0.251516 0.535090
8 0.737814 0.548824 0.319764 0.526823
8 0.227168 0.308964 0.454336 0.617927
8 0.218789 0.539585 0.295884 0.485721
8 0.430170 0.356306 0.439048 0.712612
8 0.582670 0.459685 0.403735 0.620406
8 0.772818 0.833766 0.219155 0.332467
8 0.457153 0.670005 0.253015 0.403203
8 0.670105 0.796551 0.235572 0.352919
8 0.330242 0.619218 0.274922 0.443532
8 0.563157 0.731576 0.235857 0.363617
