1 0.624954 0.440833 0.538183 0.842201
1 0.521539 0.169514 0.228678 0.303809
1 0.289280 0.193719 0.328153 0.387437
1 0.145502 0.318460 0.159946 0.209751
1 0.332894 0.510699 0.181942 0.200824
1 0.216047 0.570967 0.160453 0.267756
1 0.337240 0.731694 0.247651 0.295009
1 0.624954 0.440833 0.538183 0.842201
1 0.521539 0.169514 0.228678 0.303809
1 0.289280 0.193719 0.328153 0.387437
1 0.145502 0.318460 0.159946 0.209751
1 0.332894 0.510699 0.181942 0.200824
1 0.216047 0.570967 0.160453 0.267756
1 0.337240 0.731694 0.247651 0.295009
