2 0.092661 0.263871 0.185322 0.527742
2 0.295615 0.268584 0.240281 0.537168
2 0.527892 0.270547 0.240281 0.541094
2 0.764348 0.270752 0.252201 0.541505
2 0.939871 0.272801 0.120258 0.545603
2 0.087261 0.765595 0.174522 0.468811
2 0.283878 0.762028 0.236999 0.475945
2 0.515647 0.766662 0.258105 0.466675
2 0.754329 0.771515 0.241420 0.456969
2 0.934838 0.773510 0.130324 0.452980
2 0.092661 0.263871 0.185322 0.527742
2 0.295615 0.268584 0.240281 0.537168
2 0.527892 0.270547 0.240281 0.541094
2 0.764348 0.270752 0.252201 0.541505
2 0.939871 0.272801 0.120258 0.545603
2 0.087261 0.765595 0.174522 0.468811
2 0.283878 0.762028 0.236999 0.475945
2 0.515647 0.766662 0.258105 0.466675
2 0.754329 0.771515 0.241420 0.456969
2 0.934838 0.773510 0.130324 0.452980
