1 0.676948 0.480989 0.595686 0.860686
1 0.480749 0.269356 0.248156 0.313644
1 0.270789 0.365926 0.354060 0.428611
1 0.189523 0.546456 0.173317 0.216730
1 0.433723 0.653976 0.193689 0.210148
1 0.348430 0.752971 0.179125 0.272657
1 0.519896 0.851302 0.265626 0.297396
1 0.676948 0.480989 0.595686 0.860686
1 0.480749 0.269356 0.248156 0.313644
1 0.270789 0.365926 0.354060 0.428611
1 0.189523 0.546456 0.173317 0.216730
1 0.433723 0.653976 0.193689 0.210148
1 0.348430 0.752971 0.179125 0.272657
1 0.519896 0.851302 0.265626 0.297396
