8 0.767066 0.473633 0.313958 0.618880
8 0.605058 0.385461 0.352467 0.694499
8 0.561080 0.507994 0.216032 0.574146
8 0.106932 0.614094 0.213865 0.471064
8 0.291018 0.391607 0.433963 0.752493
8 0.262460 0.656566 0.215681 0.362885
8 0.384142 0.519434 0.288294 0.562910
8 0.767066 0.473633 0.313958 0.618880
8 0.605058 0.385461 0.352467 0.694499
8 0.561080 0.507994 0.216032 0.574146
8 0.106932 0.614094 0.213865 0.471064
8 0.291018 0.391607 0.433963 0.752493
8 0.262460 0.656566 0.215681 0.362885
8 0.384142 0.519434 0.288294 0.562910
