6 0.204297 0.074219 0.260156 0.148438
6 0.362500 0.197266 0.353125 0.138281
6 0.469922 0.328125 0.422656 0.150000
6 0.652344 0.512500 0.695312 0.146875
6 0.494531 0.716406 0.417187 0.245312
6 0.300781 0.888281 0.285938 0.223438
6 0.155859 0.598047 0.310156 0.427344
6 0.204297 0.074219 0.260156 0.148438
6 0.362500 0.197266 0.353125 0.138281
6 0.469922 0.328125 0.422656 0.150000
6 0.652344 0.512500 0.695312 0.146875
6 0.494531 0.716406 0.417187 0.245312
6 0.300781 0.888281 0.285938 0.223438
6 0.155859 0.598047 0.310156 0.427344
