2 0.719141 0.907031 0.260156 0.095312
2 0.700781 0.804688 0.285938 0.096875
2 0.685547 0.698828 0.311719 0.117969
2 0.672266 0.577344 0.344531 0.120313
2 0.655469 0.448828 0.389062 0.130469
2 0.627344 0.303906 0.454688 0.145313
2 0.578516 0.137891 0.535156 0.177344
2 0.719141 0.907031 0.260156 0.095312
2 0.700781 0.804688 0.285938 0.096875
2 0.685547 0.698828 0.311719 0.117969
2 0.672266 0.577344 0.344531 0.120313
2 0.655469 0.448828 0.389062 0.130469
2 0.627344 0.303906 0.454688 0.145313
2 0.578516 0.137891 0.535156 0.177344
