2 0.986588 0.490088 0.026824 0.298132
2 0.929208 0.454055 0.141584 0.323552
2 0.866308 0.413200 0.267384 0.359192
2 0.747581 0.362305 0.295092 0.391730
2 0.616154 0.311085 0.328086 0.439539
2 0.463143 0.262091 0.376590 0.509930
2 0.279169 0.261778 0.449263 0.523555
2 0.986588 0.490088 0.026824 0.298132
2 0.929208 0.454055 0.141584 0.323552
2 0.866308 0.413200 0.267384 0.359192
2 0.747581 0.362305 0.295092 0.391730
2 0.616154 0.311085 0.328086 0.439539
2 0.463143 0.262091 0.376590 0.509930
2 0.279169 0.261778 0.449263 0.523555
