8 0.135144 0.377470 0.234237 0.615179
8 0.939713 0.279116 0.120574 0.558231
8 0.277527 0.383632 0.222649 0.580735
8 0.875047 0.557154 0.249906 0.804979
8 0.837813 0.256149 0.206708 0.512299
8 0.665818 0.511964 0.302872 0.807101
8 0.469762 0.434935 0.298584 0.673293
8 0.156636 0.134436 0.159368 0.268872
8 0.544334 0.196804 0.181499 0.393609
8 0.279269 0.144209 0.177761 0.288419
8 0.695243 0.217264 0.195098 0.434528
8 0.412796 0.167341 0.173968 0.334681
8 0.135144 0.377470 0.234237 0.615179
8 0.939713 0.279116 0.120574 0.558231
8 0.277527 0.383632 0.222649 0.580735
8 0.875047 0.557154 0.249906 0.804979
8 0.837813 0.256149 0.206708 0.512299
8 0.665818 0.511964 0.302872 0.807101
8 0.469762 0.434935 0.298584 0.673293
8 0.156636 0.134436 0.159368 0.268872
8 0.544334 0.196804 0.181499 0.393609
8 0.279269 0.144209 0.177761 0.288419
8 0.695243 0.217264 0.195098 0.434528
8 0.412796 0.167341 0.173968 0.334681
