1 0.656935 0.852644 0.217890 0.294713
1 0.388309 0.691604 0.231082 0.374747
1 0.536283 0.573488 0.189967 0.325220
1 0.679820 0.384048 0.224342 0.367321
1 0.355324 0.378467 0.239403 0.393776
1 0.164832 0.567072 0.244685 0.420523
1 0.227839 0.819734 0.247028 0.263664
1 0.063338 0.758150 0.126677 0.323110
1 0.074345 0.378764 0.148690 0.400587
1 0.532817 0.277204 0.205791 0.345271
1 0.199809 0.210162 0.237087 0.352791
1 0.656935 0.852644 0.217890 0.294713
1 0.388309 0.691604 0.231082 0.374747
1 0.536283 0.573488 0.189967 0.325220
1 0.679820 0.384048 0.224342 0.367321
1 0.355324 0.378467 0.239403 0.393776
1 0.164832 0.567072 0.244685 0.420523
1 0.227839 0.819734 0.247028 0.263664
1 0.063338 0.758150 0.126677 0.323110
1 0.074345 0.378764 0.148690 0.400587
1 0.532817 0.277204 0.205791 0.345271
1 0.199809 0.210162 0.237087 0.352791
