1 0.541297 0.753131 0.911156 0.493738
1 0.834038 0.588741 0.322548 0.219394
1 0.781891 0.324981 0.436219 0.318788
1 0.599777 0.183968 0.222322 0.153939
1 0.411753 0.430966 0.207744 0.181819
1 0.322965 0.307566 0.291570 0.144242
1 0.159733 0.473495 0.308659 0.243636
1 0.541297 0.753131 0.911156 0.493738
1 0.834038 0.588741 0.322548 0.219394
1 0.781891 0.324981 0.436219 0.318788
1 0.599777 0.183968 0.222322 0.153939
1 0.411753 0.430966 0.207744 0.181819
1 0.322965 0.307566 0.291570 0.144242
1 0.159733 0.473495 0.308659 0.243636
