8 0.774718 0.716075 0.450564 0.567850
8 0.681713 0.606339 0.531119 0.760199
8 0.578254 0.696635 0.367374 0.606731
8 0.136616 0.553116 0.273232 0.518082
8 0.388684 0.450894 0.625013 0.838351
8 0.226387 0.680814 0.307503 0.406094
8 0.409061 0.616662 0.432971 0.616897
8 0.774718 0.716075 0.450564 0.567850
8 0.681713 0.606339 0.531119 0.760199
8 0.578254 0.696635 0.367374 0.606731
8 0.136616 0.553116 0.273232 0.518082
8 0.388684 0.450894 0.625013 0.838351
8 0.226387 0.680814 0.307503 0.406094
8 0.409061 0.616662 0.432971 0.616897
