6 0.029074 0.675098 0.058148 0.300680
6 0.114634 0.534128 0.213655 0.395723
6 0.272308 0.447695 0.239537 0.470598
6 0.500563 0.335386 0.289801 0.670771
6 0.682411 0.498233 0.337946 0.483601
6 0.823771 0.734202 0.289348 0.342313
6 0.492387 0.812339 0.506931 0.375322
6 0.029074 0.675098 0.058148 0.300680
6 0.114634 0.534128 0.213655 0.395723
6 0.272308 0.447695 0.239537 0.470598
6 0.500563 0.335386 0.289801 0.670771
6 0.682411 0.498233 0.337946 0.483601
6 0.823771 0.734202 0.289348 0.342313
6 0.492387 0.812339 0.506931 0.375322
