2 0.802408 0.192091 0.280018 0.384182
2 0.631060 0.215605 0.279678 0.431210
2 0.458512 0.237236 0.279678 0.474472
2 0.282539 0.279309 0.287893 0.475152
2 0.123545 0.324374 0.247091 0.475323
2 0.885963 0.589106 0.228073 0.485416
2 0.741444 0.627831 0.281403 0.492774
2 0.569753 0.673062 0.296121 0.492615
2 0.392927 0.719580 0.282767 0.485416
2 0.212675 0.760411 0.290638 0.479179
2 0.802408 0.192091 0.280018 0.384182
2 0.631060 0.215605 0.279678 0.431210
2 0.458512 0.237236 0.279678 0.474472
2 0.282539 0.279309 0.287893 0.475152
2 0.123545 0.324374 0.247091 0.475323
2 0.885963 0.589106 0.228073 0.485416
2 0.741444 0.627831 0.281403 0.492774
2 0.569753 0.673062 0.296121 0.492615
2 0.392927 0.719580 0.282767 0.485416
2 0.212675 0.760411 0.290638 0.479179
