8 0.137958 0.614089 0.153864 0.200467
8 0.945195 0.757080 0.109609 0.435830
8 0.252977 0.638231 0.131342 0.229822
8 0.819961 0.745029 0.169493 0.411298
8 0.359591 0.645190 0.126211 0.237881
8 0.656225 0.745322 0.169929 0.419647
8 0.485777 0.749450 0.187208 0.431651
8 0.196514 0.275645 0.327569 0.551290
8 0.969795 0.248408 0.060410 0.496817
8 0.865111 0.265767 0.223254 0.531534
8 0.641098 0.270598 0.259766 0.541195
8 0.437249 0.271742 0.257902 0.543484
8 0.137958 0.614089 0.153864 0.200467
8 0.945195 0.757080 0.109609 0.435830
8 0.252977 0.638231 0.131342 0.229822
8 0.819961 0.745029 0.169493 0.411298
8 0.359591 0.645190 0.126211 0.237881
8 0.656225 0.745322 0.169929 0.419647
8 0.485777 0.749450 0.187208 0.431651
8 0.196514 0.275645 0.327569 0.551290
8 0.969795 0.248408 0.060410 0.496817
8 0.865111 0.265767 0.223254 0.531534
8 0.641098 0.270598 0.259766 0.541195
8 0.437249 0.271742 0.257902 0.543484
