2 0.884052 0.194699 0.231896 0.184216
2 0.850920 0.294540 0.298161 0.194316
2 0.815095 0.399047 0.361317 0.224622
2 0.761379 0.520362 0.396035 0.237844
2 0.701712 0.647795 0.445448 0.263005
2 0.624926 0.788473 0.518227 0.299957
2 0.519781 0.882187 0.612019 0.235625
2 0.884052 0.194699 0.231896 0.184216
2 0.850920 0.294540 0.298161 0.194316
2 0.815095 0.399047 0.361317 0.224622
2 0.761379 0.520362 0.396035 0.237844
2 0.701712 0.647795 0.445448 0.263005
2 0.624926 0.788473 0.518227 0.299957
2 0.519781 0.882187 0.612019 0.235625
