8 0.182800 0.648768 0.365601 0.702465
8 0.262888 0.496447 0.521026 0.823009
8 0.365916 0.604821 0.349102 0.665283
8 0.864378 0.497881 0.271244 0.559975
8 0.595748 0.404190 0.620936 0.808380
8 0.748611 0.622488 0.306381 0.436348
8 0.557157 0.534802 0.425134 0.667594
8 0.182800 0.648768 0.365601 0.702465
8 0.262888 0.496447 0.521026 0.823009
8 0.365916 0.604821 0.349102 0.665283
8 0.864378 0.497881 0.271244 0.559975
8 0.595748 0.404190 0.620936 0.808380
8 0.748611 0.622488 0.306381 0.436348
8 0.557157 0.534802 0.425134 0.667594
