0 0.354852 0.035789 0.253681 0.071578
0 0.385968 0.177922 0.459765 0.355844
0 0.622324 0.082596 0.208038 0.165193
0 0.285244 0.318229 0.447077 0.575593
0 0.071336 0.568067 0.142673 0.284412
0 0.525239 0.251441 0.253331 0.289967
0 0.840213 0.229558 0.319574 0.409692
0 0.709827 0.337096 0.472003 0.557887
0 0.868984 0.462702 0.262031 0.387864
0 0.818073 0.473810 0.150777 0.157989
0 0.253712 0.603820 0.381489 0.487451
0 0.350094 0.730667 0.345375 0.384767
0 0.482963 0.685263 0.489438 0.573138
0 0.708688 0.789426 0.419928 0.421149
