1 0.195834 0.154877 0.201042 0.309755
1 0.514883 0.295241 0.204766 0.390483
1 0.370337 0.446820 0.165673 0.340516
1 0.241312 0.675915 0.198250 0.383080
1 0.597828 0.633545 0.211281 0.410839
1 0.778446 0.398349 0.213142 0.440448
1 0.671630 0.130820 0.240134 0.261639
1 0.904489 0.167832 0.183978 0.335664
1 0.924006 0.588748 0.144888 0.427495
1 0.418408 0.771061 0.180566 0.360872
1 0.793439 0.794787 0.215003 0.364573
1 0.195834 0.154877 0.201042 0.309755
1 0.514883 0.295241 0.204766 0.390483
1 0.370337 0.446820 0.165673 0.340516
1 0.241312 0.675915 0.198250 0.383080
1 0.597828 0.633545 0.211281 0.410839
1 0.778446 0.398349 0.213142 0.440448
1 0.671630 0.130820 0.240134 0.261639
1 0.904489 0.167832 0.183978 0.335664
1 0.924006 0.588748 0.144888 0.427495
1 0.418408 0.771061 0.180566 0.360872
1 0.793439 0.794787 0.215003 0.364573
