0 0.074219 0.144141 0.148438 0.269531
0 0.182983 0.264502 0.269091 0.488380
0 0.392528 0.134083 0.138181 0.193166
0 0.210975 0.518795 0.237575 0.515714
0 0.086600 0.852119 0.157575 0.235487
0 0.403949 0.352825 0.167273 0.236900
0 0.705957 0.183537 0.227539 0.338950
0 0.621316 0.341980 0.295758 0.468334
0 0.868816 0.360363 0.215758 0.320727
0 0.792301 0.409344 0.112727 0.118687
0 0.324905 0.776575 0.206061 0.434400
0 0.479725 0.840919 0.237575 0.306837
0 0.582320 0.741848 0.311516 0.477445
0 0.869259 0.764381 0.254142 0.431888
