6 0.074219 0.795703 0.148438 0.260156
6 0.197266 0.637500 0.138281 0.353125
6 0.328125 0.530078 0.150000 0.422656
6 0.512500 0.347656 0.146875 0.695312
6 0.716406 0.505469 0.245312 0.417187
6 0.888281 0.699219 0.223438 0.285938
6 0.598047 0.844141 0.427344 0.310156
6 0.074219 0.795703 0.148438 0.260156
6 0.197266 0.637500 0.138281 0.353125
6 0.328125 0.530078 0.150000 0.422656
6 0.512500 0.347656 0.146875 0.695312
6 0.716406 0.505469 0.245312 0.417187
6 0.888281 0.699219 0.223438 0.285938
6 0.598047 0.844141 0.427344 0.310156
