8 0.121484 0.364063 0.121094 0.162500
8 0.857031 0.282031 0.176563 0.357812
8 0.219141 0.348828 0.100781 0.188281
8 0.700000 0.283984 0.125000 0.339844
8 0.308984 0.347656 0.096094 0.195312
8 0.562500 0.276562 0.125000 0.346875
8 0.419531 0.265625 0.139063 0.356250
8 0.152734 0.710156 0.246094 0.570312
8 0.886328 0.753516 0.194531 0.491406
8 0.714844 0.728125 0.160938 0.518750
8 0.526563 0.721094 0.190625 0.539062
8 0.355078 0.717578 0.188281 0.553906
8 0.121484 0.364063 0.121094 0.162500
8 0.857031 0.282031 0.176563 0.357812
8 0.219141 0.348828 0.100781 0.188281
8 0.700000 0.283984 0.125000 0.339844
8 0.308984 0.347656 0.096094 0.195312
8 0.562500 0.276562 0.125000 0.346875
8 0.419531 0.265625 0.139063 0.356250
8 0.152734 0.710156 0.246094 0.570312
8 0.886328 0.753516 0.194531 0.491406
8 0.714844 0.728125 0.160938 0.518750
8 0.526563 0.721094 0.190625 0.539062
8 0.355078 0.717578 0.188281 0.553906
